# The modifications of the output file from Kalibr:
# 1. For each matrix (e.g. cam0/T_cam_imu), remove the brackets and minus sign for each line. Use one pair of brackets for each matrix.
# 2. Add the T_imu_body at the end of the calibration file (usually set to identity).
cam0:
  T_cam_imu:
    [-0.014313388069422783, -0.9998856031246824, 0.004889538419925676, 0.030131828800070756,
     0.05883565586188222, -0.005723780309061566, -0.998251272945981, -0.027402845597711143,
     0.9981650627633047, -0.014000678660672894, 0.05891085193548229, -0.00558959059805099,
                     0,                   0,                   0,   1.000000000000000]
  camera_model: pinhole
  distortion_coeffs: [-0.22419635003297944, 0.03264223569157577, 0.004504270837188035,
    -0.0003747039788093623]
  distortion_model: radtan
  intrinsics: [293.4251242832143, 292.2823698601686, 320.1389618713701, 227.47257460399686]
  resolution: [640, 480]
  timeshift_cam_imu: 0.0
cam1:
  T_cam_imu:
    [0.04747311854854214, -0.9988572952954891, -0.005514222543270497, -0.049310712872283016,
     0.05423275246297604, 0.008089768777190365, -0.9984955504164361, -0.027306998309863592,
     0.9973991736389027, 0.04710264616889637, 0.054554826993787914, -0.005196780675202448,
                     0,                   0,                   0,   1.000000000000000]
  T_cn_cnm1:
    [0.9980365659703916, 0.014014931457114464, 0.061045840827090636, -0.07865810955359426, 
    -0.013747280120881751, 0.9998939697352326, -0.004802247015875674, 0.000480329853172933,
    -0.06110667128319225, 0.0039536038466013316, 0.9981234110776672, 0.002331916312462131, 
                     0,                   0,                   0,   1.000000000000000]
  camera_model: pinhole
  distortion_coeffs: [-0.22062985473379657, 0.030849475506440915, 0.004384150330960715,
    0.0023890222816130603]
  distortion_model: radtan
  intrinsics: [290.8981174305686, 290.61384129053255, 301.42227662573396, 222.30482071926536]
  resolution: [640, 480]
  timeshift_cam_imu: 0.0
T_imu_body:
  [1.0000, 0.0000, 0.0000, 0.0000,
  0.0000, 1.0000, 0.0000, 0.0000,
  0.0000, 0.0000, 1.0000, 0.0000,
  0.0000, 0.0000, 0.0000, 1.0000]

