# The modifications of the output file from Kalibr:
# 1. For each matrix (e.g. cam0/T_cam_imu), remove the brackets and minus sign for each line. Use one pair of brackets for each matrix.
# 2. Add the T_imu_body at the end of the calibration file (usually set to identity).
cam0:
  T_cam_imu:
    [-0.01431339, -0.9998856, 0.00488954, 0.03013183,
      0.05883566, -0.00572378, -0.99825127, -0.02740285,
      0.99816506, -0.01400068, 0.05891085, -0.00558959,
      0,          0,           0,          1.000000000]
    # [-0.01431339, 0.05883566, 0.99816506, 0.00762289,
    #  -0.9998856, -0.00572378, -0.01400068, 0.02989328,
    #  0.00488954, -0.99825127, 0.05891085, -0.02717297,
    #  0,          0,           0,          1.000000000]
  camera_model: pinhole
  distortion_coeffs: [-0.22419635003297944, 0.03264223569157577, 0.004504270837188035,
    -0.0003747039788093623]
  distortion_model: radtan
  intrinsics: [293.4251242832143, 292.2823698601686, 320.1389618713701, 227.47257460399686]
  resolution: [640, 480]
  timeshift_cam_imu: 0.0
cam1:
  T_cam_imu:
    [0.04747312, -0.9988573, -0.00551422, -0.04931071,
     0.05423275, 0.00808977, -0.99849555, -0.027307,
     0.99739917, 0.04710265, 0.05455483, -0.00519678,
     0,          0,           0,          1.000000000]
    # [0.04747312, 0.05423275, 0.99739917, 0.00900513,
    #  -0.9988573, 0.00808977, 0.04710265, -0.04878868,
    #  -0.00551422, -0.99849555, 0.05455483, -0.02725432,
    #  0,          0,           0,          1.000000000]
  T_cn_cnm1:
    # [0.998036565970386,  -0.0137472801208817, -0.0611066712831919, 0.0786527684171991,
    # 0.0140149314571144,  0.999893969735227, 0.00395360384660131, 0.000612889616965492,
    # 0.0610458408270903,  -0.00480224701587565,  0.998123411077661, 0.00247651683403024,
    # 0,          0,           0,          1.000000000]
    [0.9980365659703916, 0.014014931457114464, 0.061045840827090636, -0.07865810955359426, 
    -0.013747280120881751, 0.9998939697352326, -0.004802247015875674, 0.000480329853172933,
    -0.06110667128319225, 0.0039536038466013316, 0.9981234110776672, 0.002331916312462131, 
                     0,                   0,                   0,   1.000000000000000]
  camera_model: pinhole
  distortion_coeffs: [-0.22062985473379657, 0.030849475506440915, 0.004384150330960715,
    0.0023890222816130603]
  distortion_model: radtan
  intrinsics: [290.8981174305686, 290.61384129053255, 301.42227662573396, 222.30482071926536]
  resolution: [640, 480]
  timeshift_cam_imu: 0.0
T_imu_body:
  [1.0000, 0.0000, 0.0000, 0.0000,
  0.0000, 1.0000, 0.0000, 0.0000,
  0.0000, 0.0000, 1.0000, 0.0000,
  0.0000, 0.0000, 0.0000, 1.0000]
