# The modifications of the output file from Kalibr:
# 1. For each matrix (e.g. cam0/T_cam_imu), remove the brackets and minus sign for each line. Use one pair of brackets for each matrix.
# 2. Add the T_imu_body at the end of the calibration file (usually set to identity).
cam0:
  T_cam_imu:
    [0, -1, 0, -0.075,
     0, 0, -1, 0.280,
     1, 0, 0, -0.094,
     0.0, 0.0, 0.0, 1.0]
    # [0, 1, 0, -0.075,
    #  -1, 0, 0, 0.2800,
    #  0, 0, 1, -0.0940,
    #  0.0, 0.0, 0.0, 1.0]
  camera_model: pinhole
  distortion_coeffs: [0,0,0,0]
  distortion_model: radtan
  intrinsics: [360.06528871, 360.06528871, 376, 240]
  resolution: [752, 480]
  timeshift_cam_imu: 0.0
cam1:
  T_cam_imu:
    [0, -1, 0, -0.185,
     0, 0, -1, 0.280,
     1, 0, 0, -0.094,
     0.0, 0.0, 0.0, 1.0]
    # [0, 1, 0, -0.185,
    #  -1, 0, 0, 0.2800,
    #  0, 0, 1, -0.0940,
    #  0.0, 0.0, 0.0, 1.0]
  T_cn_cnm1:
    [1, 0, 0, -0.11, 
     0, 1, 0, 0,
     0, 0, 1, 0, 
     0, 0, 0, 1.000000000000000]
  camera_model: pinhole
  distortion_coeffs: [0,0,0,0]
  distortion_model: radtan
  intrinsics: [360.06528871, 360.06528871, 376, 240]
  resolution: [752, 480]
  timeshift_cam_imu: 0.0
T_imu_body:
  # [0, 0.0000, 1, 0.0000,
  # -1, 0, 0.0000, 0.0000,
  # 0.0000, -1, 0, 0.0000,
  # 0.0000, 0.0000, 0.0000, 1.0000]
  [1.0000, 0.0000, 0.0000, 0.0000,
  0.0000, 1.0000, 0.0000, 0.0000,
  0.0000, 0.0000, 1.0000, 0.0000,
  0.0000, 0.0000, 0.0000, 1.0000]

